100 100
82 92
11 41
58 63
83 13
95 70
3 20
52 10
12 69
35 1
55 42
37 49
65 68
70 99
31 23
33 40
27 54
52 98
75 87
80 88
11 64
65 54
25 16
94 82
78 88
18 67
88 29
56 91
51 29
45 35
60 80
56 57
19 12
96 36
18 3
38 32
35 5
89 18
66 5
50 36
53 31
23 72
10 73
16 24
45 6
16 52
93 37
46 85
39 92
19 50
32 96
70 39
100 17
22 55
69 30
13 17
13 15
46 58
37 59
10 87
72 2
56 33
75 23
90 64
16 7
70 21
75 43
79 60
32 61
90 26
21 51
77 85
35 86
48 87
94 69
34 65
2 84
59 65
56 26
27 14
72 8
17 76
32 14
56 71
28 21
44 9
45 81
71 46
5 3
18 11
37 24
47 41
86 100
73 74
76 79
46 44
84 77
3 55
62 3
4 43
8 97
