100 99
26 51
91 93
93 58
62 32
39 48
15 28
83 35
76 100
80 10
18 37
33 20
50 7
27 24
14 10
18 88
47 34
55 100
84 64
75 34
56 67
17 30
75 96
45 60
62 27
41 1
61 87
83 72
36 42
72 23
31 5
53 99
97 93
44 66
100 77
52 98
78 92
15 11
99 65
61 78
1 85
71 88
98 20
22 10
38 54
42 10
87 56
90 100
64 92
29 68
72 2
30 89
72 63
86 58
19 28
19 94
79 41
44 6
66 59
55 21
73 6
38 34
79 29
82 69
76 3
98 49
19 67
80 38
69 65
91 60
60 99
12 81
97 40
86 51
80 25
57 39
95 7
83 95
17 70
59 50
78 5
75 16
9 89
8 86
6 71
46 35
83 4
54 43
55 14
12 33
76 11
82 9
13 41
68 81
32 84
48 1
26 72
70 96
49 24
74 37
